   [Parameters]

sig_Mass_mean = 90 +/- 1  L(85 - 100)
sig_Mass_sigmaL = 3.5877 +/- 0.33507      L(1 - 5) 
sig_Mass_sigmaR = 3.0037 +/- 0.38500      L(1 - 5) 
sig_Mass_alphaL = 0.22151 +/- 0.1       C L(0 - 1000) 
sig_Mass_alphaR = 0.14693 +/- 0.036216    L(0 - 1000) 

bkg_Mass_p1 =  8.6792 +/- 3.7620       L(-100 - 100)
bkg_Mass_p2 = -0.0666824 +/- 0.028890  L(-100 - 100)

bkg_Mass_exp = -0.0666824 +/- 0.028890  L(-100 - 0)

N_sig =  25  L(0 - 10000) 
N_bkg =  0.4 L(-100 - 10000) 


   [Observables]

mass  =  90 C L(60 - 120)      // [GeV]
