
   [Parameters]
sig_Mass_mean =  90.821 +/- 0.64247 L(85 - 100) 
sig_Mass_sigmaL =  3.5882 +/- 0.71374 L(1 - 5) 
sig_Mass_sigmaR =  2.5525 +/- 0.48524 L(1 - 5) 
sig_Mass_alphaL =  0.22151 +/- 0.10000 C L(0 - 1000) 
sig_Mass_alphaR =  0.000028236 +/- 0.0073355 L(0 - 1000) 
bkg_Mass_exp = -0.0557671 +/- 0.0010393 L(-100 - 0) 
N_sig =  729.91 +/- 68.412 L(0 - 10000) 
N_bkg =  6616.0 +/- 102.78 L(-100 - 10000) 

   [Observables]

mass  =  90 C L(60 - 120)      // [GeV]
