
   [Parameters]
sig_Mass_mean =  90.840 +/- 0.48399 L(85 - 100) 
sig_Mass_sigmaL =  5.0000 +/- 0.21692 L(1 - 5) 
sig_Mass_sigmaR =  4.0922 +/- 0.61434 L(1 - 5) 
sig_Mass_alphaL =  0.22151 +/- 0.10000 C L(0 - 1000) 
sig_Mass_alphaR =  0.21323 +/- 0.10187 L(0 - 1000) 
bkg_Mass_exp = -0.0195082 +/- 0.0013566 L(-100 - 0) 
N_sig =  1811.5 +/- 203.12 L(0 - 10000) 
N_bkg =  8719.5 +/- 218.77 L(-100 - 10000) 

   [Observables]

mass  =  90 C L(60 - 120)      // [GeV]
