
   [Parameters]
sig_Mass_mean =  88.967 +/- 0.35873 L(85 - 100) 
sig_Mass_sigmaL =  5.0000 +/- 0.13040 L(1 - 5) 
sig_Mass_sigmaR =  4.3486 +/- 0.35375 L(1 - 5) 
sig_Mass_alphaL =  0.22151 +/- 0.10000 C L(0 - 1000) 
sig_Mass_alphaR =  0.0000058744 +/- 0.16332 L(0 - 1000) 
bkg_Mass_exp = -0.0347045 +/- 0.00086768 L(-100 - 0) 
N_sig =  1284.2 +/- 75.232 L(0 - 10000) 
N_bkg =  6483.8 +/- 104.15 L(-100 - 10000) 

   [Observables]

mass  =  90 C L(60 - 120)      // [GeV]
